world: 080dab47-0061-4757-9b93-90cc9e5f524f
world-name: Philippines
x: 595.702287053789
y: 94.0
z: 645.2471682710409
yaw: -87.49705505371094
pitch: -8.755453109741211
name: afk
lastowner: 3cac2e41-0f4e-30b9-b05d-ea4c32948da4
