world: 080dab47-0061-4757-9b93-90cc9e5f524f
world-name: Philippines
x: -612.9146419975126
y: 84.0
z: 170.01828466944417
yaw: -179.3566131591797
pitch: -1.1212445497512817
name: ClashOfChampions
lastowner: 3e2b229d-7125-33c0-9230-0317ef9c34b7
