world: 080dab47-0061-4757-9b93-90cc9e5f524f
world-name: Philippines
x: -494.6482319336873
y: 87.0
z: -302.92835111817925
yaw: 178.9498748779297
pitch: -4.34999942779541
name: Cosmetics
lastowner: 14d96549-2d68-332f-a0e3-59f9bb07a92c
