world: 080dab47-0061-4757-9b93-90cc9e5f524f
world-name: Philippines
x: -384.5
y: 87.0
z: -405.5
yaw: -177.1500244140625
pitch: 16.949996948242188
name: crates
lastowner: 2cfdd604-da49-3d39-840e-c5bd8f3ab6d4
