world: 080dab47-0061-4757-9b93-90cc9e5f524f
world-name: Philippines
x: 1905.2542985187267
y: 97.33488163215007
z: -338.2782605984678
yaw: -1.1925098896026611
pitch: 2.2298152446746826
name: crimeson
lastowner: 3cac2e41-0f4e-30b9-b05d-ea4c32948da4
