world: 16a1107c-a291-4a3b-abbb-6029d6309d7f
world-name: dungeonworld
x: -129.82773537186418
y: 18.0
z: -127.30000001192093
yaw: 40.200897216796875
pitch: 17.999982833862305
name: dungeon
lastowner: 2cfdd604-da49-3d39-840e-c5bd8f3ab6d4
