world: 080dab47-0061-4757-9b93-90cc9e5f524f
world-name: Philippines
x: 1967.4493897091825
y: 77.0
z: -494.44320565223956
yaw: 92.55785369873047
pitch: 4.539889335632324
name: elfhouse
lastowner: 3cac2e41-0f4e-30b9-b05d-ea4c32948da4
