world: 16a1107c-a291-4a3b-abbb-6029d6309d7f
world-name: dungeonworld
x: -125.86322765126529
y: 43.45001138241117
z: -88.40017660996365
yaw: 140.85092163085938
pitch: 26.8499755859375
name: end
lastowner: 2cfdd604-da49-3d39-840e-c5bd8f3ab6d4
