world: 080dab47-0061-4757-9b93-90cc9e5f524f
world-name: Philippines
x: -437.25230117151665
y: 112.0
z: 784.6792085813855
yaw: -123.87993621826172
pitch: -1.1251230239868164
name: FFA
lastowner: 3cac2e41-0f4e-30b9-b05d-ea4c32948da4
