world: 080dab47-0061-4757-9b93-90cc9e5f524f
world-name: Philippines
x: -253.0392768808133
y: 69.0
z: -664.2273324678216
yaw: -177.201171875
pitch: 11.099918365478516
name: fishing
lastowner: 2cfdd604-da49-3d39-840e-c5bd8f3ab6d4
