world: 080dab47-0061-4757-9b93-90cc9e5f524f
world-name: Philippines
x: -1690.5233964593208
y: 65.0
z: 727.5555886835889
yaw: 0.027833521366119385
pitch: -6.615869522094727
name: Goblin
lastowner: 3e2b229d-7125-33c0-9230-0317ef9c34b7
