world: 080dab47-0061-4757-9b93-90cc9e5f524f
world-name: Philippines
x: 448.39
y: 76.0
z: -1147.478
yaw: -178.21749877929688
pitch: 5.260473251342773
name: godvalley
lastowner: 6c3bfd47-ebad-35be-8fd4-b14a3870b478
