world: 080dab47-0061-4757-9b93-90cc9e5f524f
world-name: Philippines
x: 901.4970110670806
y: 75.0
z: 968.8119958965183
yaw: -60.10366439819336
pitch: 3.3699913024902344
name: graveyard
lastowner: 6c3bfd47-ebad-35be-8fd4-b14a3870b478
