world: 080dab47-0061-4757-9b93-90cc9e5f524f
world-name: Philippines
x: -437.46490166855773
y: 112.0
z: 783.2275011336826
yaw: -131.01856994628906
pitch: -2.986569404602051
name: leagueoflegends
lastowner: 3e2b229d-7125-33c0-9230-0317ef9c34b7
