world: 080dab47-0061-4757-9b93-90cc9e5f524f
world-name: Philippines
x: 1295.0629444285482
y: 74.0
z: -495.6013832882259
yaw: -128.9813690185547
pitch: 5.694879531860352
name: mayon
lastowner: 3cac2e41-0f4e-30b9-b05d-ea4c32948da4
