world: 080dab47-0061-4757-9b93-90cc9e5f524f
world-name: Philippines
x: 2294.6451896527483
y: 74.73289454452453
z: 2589.350538979016
yaw: -33.406219482421875
pitch: 2.27390456199646
name: mindanao
lastowner: 3e2b229d-7125-33c0-9230-0317ef9c34b7
