world: 16a1107c-a291-4a3b-abbb-6029d6309d7f
world-name: dungeonworld
x: 84.42163688998681
y: 43.0
z: 374.4100547256629
yaw: -62.999755859375
pitch: -1.499996304512024
name: Monolith
lastowner: 2cfdd604-da49-3d39-840e-c5bd8f3ab6d4
