world: 080dab47-0061-4757-9b93-90cc9e5f524f
world-name: Philippines
x: 578.5
y: 90.0
z: 619.5
yaw: -78.43307495117188
pitch: -0.9863504767417908
name: mysforest
lastowner: 3e2b229d-7125-33c0-9230-0317ef9c34b7
