world: 080dab47-0061-4757-9b93-90cc9e5f524f
world-name: Philippines
x: 1938.4267926512093
y: 77.0
z: -162.34676003302286
yaw: 7.776336669921875
pitch: 6.724913120269775
name: nextdungeon
lastowner: 3e2b229d-7125-33c0-9230-0317ef9c34b7
