world: 080dab47-0061-4757-9b93-90cc9e5f524f
world-name: Philippines
x: -1982.5730325116326
y: 66.0
z: 1126.3423464773257
yaw: 179.479248046875
pitch: -6.54725980758667
name: Orc
lastowner: 3e2b229d-7125-33c0-9230-0317ef9c34b7
