world: 080dab47-0061-4757-9b93-90cc9e5f524f
world-name: Philippines
x: -571.3875030909295
y: 92.0
z: -199.30000001192093
yaw: 1.1511610746383667
pitch: 0.758242666721344
name: PrimeBot
lastowner: 3cac2e41-0f4e-30b9-b05d-ea4c32948da4
