world: 080dab47-0061-4757-9b93-90cc9e5f524f
world-name: Philippines
x: -571.3456436757941
y: 92.0
z: -198.76113081044818
yaw: 0.7155985832214355
pitch: 2.29591703414917
name: pvp
lastowner: 3cac2e41-0f4e-30b9-b05d-ea4c32948da4
