world: 080dab47-0061-4757-9b93-90cc9e5f524f
world-name: Philippines
x: -416.26020850227263
y: 91.0
z: -295.60404645154483
yaw: -1.009033203125
pitch: -0.7500314712524414
name: robe
lastowner: 2cfdd604-da49-3d39-840e-c5bd8f3ab6d4
