world: 080dab47-0061-4757-9b93-90cc9e5f524f
world-name: Philippines
x: -490.4572686737239
y: 87.0
z: -313.3839783005341
yaw: -118.75227355957031
pitch: 2.849916458129883
name: skin
lastowner: 2cfdd604-da49-3d39-840e-c5bd8f3ab6d4
