world: 080dab47-0061-4757-9b93-90cc9e5f524f
world-name: Philippines
x: 830.9221956467882
y: 72.0
z: 1304.6711562591163
yaw: -126.48951721191406
pitch: 0.3288434147834778
name: stations
lastowner: 3e2b229d-7125-33c0-9230-0317ef9c34b7
