world: 080dab47-0061-4757-9b93-90cc9e5f524f
world-name: Philippines
x: 1599.4581126450892
y: 65.0
z: -57.652672988642735
yaw: 86.93313598632812
pitch: -3.6449620723724365
name: Sylvaris
lastowner: 3cac2e41-0f4e-30b9-b05d-ea4c32948da4
