world: 080dab47-0061-4757-9b93-90cc9e5f524f
world-name: Philippines
x: 762.5855522783028
y: 119.18856614887771
z: 744.374151273228
yaw: 173.7958984375
pitch: 52.049964904785156
name: tradinghall
lastowner: 2cfdd604-da49-3d39-840e-c5bd8f3ab6d4
