world: 080dab47-0061-4757-9b93-90cc9e5f524f
world-name: Philippines
x: -226.11398808250792
y: 96.17501922558826
z: -1133.6498193747318
yaw: -58.169921875
pitch: 51.9000358581543
name: vulcan
lastowner: 2cfdd604-da49-3d39-840e-c5bd8f3ab6d4
