teleportenabled: true
teleportauto: false
godmode: false
muted: false
jailed: false
ip-address: 136.158.59.240
afk: false
socialspy: false
npc: false
powertoolsenabled: true
accepting-pay: true
baltop-exempt: false
timestamps:
  lastteleport: 1756455595084
  lastheal: 0
  mute: 0
  jail: 0
  onlinejail: 0
  logout: 1756629822843
  login: 1756627423346
money: '1242893.255145589620058620'
last-account-name: Otanon
lastlocation:
  world: 080dab47-0061-4757-9b93-90cc9e5f524f
  world-name: Philippines
  x: -381.1326026754635
  y: 93.0
  z: -307.4484135626101
  yaw: -133.80001831054688
  pitch: 2.3999924659729004
logoutlocation:
  world: 045e87b3-3e28-4e8b-9378-4f8c17c77591
  world-name: world
  x: -890.6297505742675
  y: 63.0
  z: 335.28889026979743
  yaw: -134.3748321533203
  pitch: -0.5999987721443176
homes:
  home:
    world: 045e87b3-3e28-4e8b-9378-4f8c17c77591
    world-name: world
    x: -1015.2791945009259
    y: 42.0
    z: 113.14707045473511
    yaw: 74.14483642578125
    pitch: 35.40000915527344
  farm:
    world: 045e87b3-3e28-4e8b-9378-4f8c17c77591
    world-name: world
    x: -986.6999999880791
    y: 79.0
    z: 131.30000001192093
    yaw: -89.774658203125
    pitch: 3.7499468326568604
  newbase:
    world: 045e87b3-3e28-4e8b-9378-4f8c17c77591
    world-name: world
    x: -887.9595871904467
    y: 63.0
    z: 328.0196990973321
    yaw: -119.37542724609375
    pitch: 80.39998626708984
