teleportenabled: true
teleportauto: false
godmode: false
muted: false
jailed: false
ip-address: 110.235.183.90
afk: false
socialspy: false
npc: false
powertoolsenabled: true
accepting-pay: true
baltop-exempt: false
timestamps:
  lastteleport: 1756302725361
  lastheal: 0
  mute: 0
  jail: 0
  onlinejail: 0
  logout: 1756378306247
  login: 1756376449938
money: '5306511.066839814607698815'
last-account-name: TianSenpai24
lastlocation:
  world: 045e87b3-3e28-4e8b-9378-4f8c17c77591
  world-name: world
  x: -2133.6985968405193
  y: 74.74618861111621
  z: 621.6289823600517
  yaw: 141.16607666015625
  pitch: 31.460628509521484
homes:
  home:
    world: 045e87b3-3e28-4e8b-9378-4f8c17c77591
    world-name: world
    x: 2275.434610677725
    y: 68.0
    z: -706.6110482394658
    yaw: 66.89400482177734
    pitch: 28.049888610839844
  villager:
    world: 045e87b3-3e28-4e8b-9378-4f8c17c77591
    world-name: world
    x: -1830.009160415167
    y: 80.0
    z: 595.7584445838778
    yaw: 164.08677673339844
    pitch: 37.64973831176758
  base:
    world: 045e87b3-3e28-4e8b-9378-4f8c17c77591
    world-name: world
    x: -2006.0406949184303
    y: 70.0
    z: 492.3389558242267
    yaw: -52.655029296875
    pitch: 38.849830627441406
  taiga:
    world: 045e87b3-3e28-4e8b-9378-4f8c17c77591
    world-name: world
    x: 1977.300000011921
    y: 95.0
    z: 970.2022144436713
    yaw: -34.66044616699219
    pitch: 57.000152587890625
  lush:
    world: 045e87b3-3e28-4e8b-9378-4f8c17c77591
    world-name: world
    x: -833.2886681370974
    y: -8.0
    z: 965.196674971191
    yaw: 98.1614990234375
    pitch: 22.349929809570312
  ice:
    world: 045e87b3-3e28-4e8b-9378-4f8c17c77591
    world-name: world
    x: 1868.9096468071987
    y: 63.0
    z: 1540.314736797733
    yaw: 53.979705810546875
    pitch: 40.0106086730957
logoutlocation:
  world: 045e87b3-3e28-4e8b-9378-4f8c17c77591
  world-name: world
  x: -2046.0788446492525
  y: 76.67351265730923
  z: 615.1620687986418
  yaw: -32.362060546875
  pitch: 21.6007137298584
nickname: SesbianLex
