spawns:
  default:
    world: 080dab47-0061-4757-9b93-90cc9e5f524f
    world-name: Philippines
    x: -384.91466960546694
    y: 93.0
    z: -304.80747873654036
    yaw: -138.45001220703125
    pitch: -3.4500083923339844
